%参数设定

function [ignore] = init

ignore = [];

global theNs; % 学号数量
theNs = 3;%29; 
global theWs; %单词数量
theWs = 2;
%theWs = 20;
global theMs; % 采样数
theMs = 20; 

global theWords; %单词集
theWords = cell (1,theWs); 
theWords = {'Voice', 'Sound'};
%theWords = {'Close', 'File', 'Happy', 'Lucky', 'Open', 'Sound', 'Speech', 'Start', 'Stop', 'Voice'};
%theWords = {'Close', 'File', 'Happy', 'Lucky', 'Open', 'Sound', 'Speech', 'Start', 'Stop', 'Voice', '数字', '语音', '信号', '分析', '识别', '北京', '背景', '上海', '商行', '复旦'};

global theNames; %学号集
theNames = cell (1,theNs); 
theNames = {'13307130444', '14307130166', '14307130244'};
%theNames = {'13307130444', '14307130166', '13307130230'};
%theNames = {'14307130166', '13307130444', '13307130230'};
%theNames = {'11307120032', '12307130178', '13300160096', '13307130174', '13307130230', '13307130251', '13307130290', '13307130299', '13307130309', '13307130444', '14307130090', '14307130092', '14307130153', '14307130166', '14307130222',  '14307130345', '14307130381'}
%theNames = {'11307120032', '12307130178', '13300160096', '13307130098', '13307130174', '13307130227', '13307130230', '13307130248', '13307130251', '13307130290', '13307130299', '13307130309', '13307130444', '13307130498', '13307130520', '14302010043', '14307130090', '14307130092', '14307130118', '14307130153', '14307130166', '14307130167', '14307130222', '14307130235', '14307130244', '14307130270', '14307130338', '14307130345', '14307130381'}
 
global theStates; %每个单词的状态数
theStates = [12, 12, 12, 12, 12, 12, 12, 12, 12, 12];
